dataset_name: 'rio10'
camera_params:
  image_height: 960
  image_width: 540
  fx: 756.02630615
  fy: 756.83215332
  cx: 270.41879272
  cy: 492.88940430
  png_depth_scale: 1000.0 #for depth image in png format
  crop_edge: 0